12345678
123456789
88888888
1234567890
00000000
66668888
87654321
11111111
987654321
11223344
147258369
123123123
66666666
0123456789
88889999
a123456789
12344321
11112222
12341234
12345679
a12345678
999999999
abcd1234
123456789a
99999999
qwertyuiop
1122334455
a1234567
a1b2c3d4
9876543210
abc123456
23456789
88886666
22222222
77777777
meiyoumima
012345678
12345678a
12345687
111222333
1234554321
66778899
12345678910
01234567
8888888888
buzhidao
asdfghjkl
00001111
888888888
0987654321
aa123456
123456780
12356789
1111111111
123456789.
12345678900
1234567899
123456788
55555555
789456123
168168168
321321321
0000000000
112233445566
77778888
520520520
369369369
12345677
123321123
12121212
abc12345
789789789
123456987
12348765
55558888
55556666
01020304
1234512345
123654789
1357924680
1233211234567
aaaaaaaa
12345689
asd123456
98765432
1234567891
12345678.
110110110
369258147
111111111
123456123
12346789
1234abcd
abc123456789
qq123456
11118888
abcd123456
12345600
qwertyui
123456654321
